
1.0 - measure 1


1.2
1.0

1.0

1.0 - measure 2


1.2
1.0

1.0
1.0
1.2 - measure 3
1.3
1.2
1.3




1.1 - measure 4
1.2
1.1
1.2




1.0 - measure 5
1.1
1.0
1.1




1.0 - measure 6

1.2

1.1
1.0
1.1

1.2 - measure 3
1.3
1.2
1.3




1.1 - measure 4
1.2
1.1
1.2




1.0 - measure 5
1.1
1.0
1.1




1.0 - measure 6

1.2

1.1
1.0
1.1

1.2 - measure 3
1.3
1.2
1.3




1.1 - measure 4
1.2
1.1
1.2




1.0 - measure 5
1.1
1.0
1.1




1.0 - measure 6

1.2

1.1
1.0
1.1

1.3 - measure 15
1.0
1.3
1.0
1.1

2.1.2

1.2 - measure 16
1.1
1.2
1.1
1.0

2.0.3

1.3 - measure 15
1.0
1.3
1.0
1.1

2.1.2

1.2 - measure 16
1.1
1.2
1.1
1.0

2.0.3

1.3 - measure 15
1.0
1.3
1.0
1.1

2.1.2

1.2 - measure 16
1.1
1.2
1.1
1.0

2.0.3

1.3 - measure 15
1.0
1.3
1.0
1.1

2.1.2

1.2 - measure 16
1.1
1.2
1.1
1.0

2.0.3

1.3 - measure 23
1.2
1.1
1.3


1.1
1.0
1.1 - measure 24
1.3




1.2

1.3 - measure 25
1.2
1.1
1.3


1.2
1.1
1.0 - measure 26
1.2
1.1
1.0

1.2
1.1

1.3 - measure 23
1.2
1.1
1.3


1.1
1.0
1.1 - measure 24
1.3




1.2

1.3 - measure 25
1.2
1.1
1.3


1.2
1.1
1.0 - measure 26
1.2
1.1
1.0

1.2
1.1

1.3 - measure 15
1.0
1.3
1.0
1.1

2.1.2

1.2 - measure 16
1.1
1.2
1.1
1.0

2.0.3

1.3 - measure 15
1.0
1.3
1.0
1.1

2.1.2

1.2 - measure 16
1.1
1.2
1.1
1.0

2.0.3

1.3 - measure 15
1.0
1.3
1.0
1.1

2.1.2

1.2 - measure 16
1.1
1.2
1.1
1.0

2.0.3

1.3 - measure 15
1.0
1.3
1.0
1.1

2.1.2

1.2 - measure 16
1.1
1.2
1.1
1.0

2.0.3

1.0 - measure 39
1.0
1.2
1.2


1.1
1.1
1.3 - measure 40
1.3




1.1

1.0 - measure 41
1.0
1.2
1.2


1.1
1.1
2.0.3 - measure 42

1.1
1.2
1.0
1.1
1.2
1.3
1.0 - measure 39
1.0
1.2
1.2


1.1
1.1
1.3 - measure 40
1.3




1.1

1.0 - measure 41
1.0
1.2
1.2


1.1
1.1
2.0.3 - measure 42

1.1
1.2
1.0
1.1
1.2
1.3
1.0 - measure 47

1.1

1.2

1.1

1.0 - measure 48

1.1

1.3

1.1

1.0 - measure 49

1.3

1.1

1.2

1.0 - measure 50


1.3


1.2

1.0 - measure 47

1.1

1.2

1.1

1.0 - measure 48

1.1

1.3

1.1

1.0 - measure 49

1.3

1.1

1.2

1.0 - measure 50


1.3


1.2

2.0.3 - measure 56





1.2

1.1 - measure 57


1.3


1.1

1.2 - measure 58



1.0

1.1
1.2
2.0.3 - measure 59







0.0 - measure 60
