0.0 - measure 1
0.0
0.0
0.0
0.0
0.0
0.0
0.0
0.0 - measure 2
0.0
0.0
0.0
0.0
0.0
0.0
0.0
0.0 - measure 3
0.0
0.0
0.0
0.0
0.0
0.0
0.0
0.0 - measure 4
0.0
0.0
0.0
0.0
0.0
0.0
0.0
0.0 - measure 5
0.0
0.0
0.0
0.0
0.0
0.0
0.0
0.0 - measure 6
0.0
0.0
0.0
0.0
0.0
0.0
0.0
0.0 - measure 7
0.0
0.0
0.0
0.0
0.0
0.0
0.0
0.0 - measure 8
0.0
0.0
0.0
0.0
0.0
0.0
0.0
0.0 - measure 9
0.0
0.0
0.0
0.0
0.0
0.0
0.0
0.0 - measure 10
0.0
0.0
0.0
0.0
0.0
0.0
0.0
0.0 - measure 11
0.0
0.0
0.0
0.0
0.0
0.0
0.0
0.0 - measure 12
0.0
0.0
0.0
0.0
0.0
0.0
0.0
0.0 - measure 13
0.0
0.0
0.0
0.0
0.0
0.0
0.0
0.0 - measure 14
0.0
0.0
0.0
0.0
0.0
0.0
0.0
0.0 - measure 15
0.0
0.0
0.0
0.0
0.0
0.0
0.0
0.0 - measure 16
0.0
0.0
0.0
0.0
0.0
0.0
0.0
0.0 - measure 17
0.0
0.0
0.0
0.0
0.0
0.0
0.0
0.0 - measure 18
0.0
0.0
0.0
0.0
0.0
0.0
0.0
0.0 - measure 19
0.0
0.0
0.0
0.0
0.0
0.0
0.0
0.0 - measure 20
0.0
0.0
0.0
0.0
0.0
0.0
0.0
0.0 - measure 21
0.0
0.0
0.0
0.0
0.0
0.0
0.0
0.0 - measure 22
0.0
0.0
0.0
0.0
0.0
0.0
0.0
0.0 - measure 23
0.0
0.0
0.0
0.0
0.0
0.0
0.0
0.0 - measure 24
0.0
0.0
0.0
0.0
0.0
0.0
0.0
0.0 - measure 25
0.0
0.0
0.0
0.0
0.0
0.0
0.0
0.0 - measure 26
0.0
0.0
0.0
0.0
0.0
0.0
0.0
0.0 - measure 27
0.0
0.0
0.0
0.0
0.0
0.0
0.0
0.0 - measure 28
0.0
0.0
0.0
0.0
0.0
0.0
0.0
0.0 - measure 29
0.0
0.0
0.0
0.0
0.0
0.0
0.0
0.0 - measure 30
0.0
0.0
0.0
0.0
0.0
0.0
0.0
0.0 - measure 31
0.0
0.0
0.0
0.0
0.0
0.0
0.0
0.0 - measure 32
0.0
0.0
0.0
0.0
0.0
0.0
0.0
0.0 - measure 33
0.0
0.0
0.0
0.0
0.0
0.0
0.0
0.0 - measure 34
0.0
0.0
0.0
0.0
0.0
0.0
0.0
0.0 - measure 35
0.0
0.0
0.0
0.0
0.0
0.0
0.0
0.0 - measure 36
0.0
0.0
0.0
0.0
0.0
0.0
0.0
0.0 - measure 37
0.0
0.0
0.0
0.0
0.0
0.0
0.0
0.0 - measure 38
0.0
0.0
0.0
0.0
0.0
0.0
0.0
0.0 - measure 39
0.0
0.0
0.0
0.0
0.0
0.0
0.0
0.0 - measure 40
0.0
0.0
0.0
0.0
0.0
0.0
0.0
0.0 - measure 41
0.0
0.0
0.0
0.0
0.0
0.0
0.0
0.0 - measure 42
0.0
0.0
0.0
0.0
0.0
0.0
0.0
0.0 - measure 43
0.0
0.0
0.0
0.0
0.0
0.0
0.0
0.0 - measure 44
0.0
0.0
0.0
0.0
0.0
0.0
0.0
0.0 - measure 45
0.0
0.0
0.0
0.0
0.0
0.0
0.0
0.0 - measure 46
0.0
0.0
0.0
0.0
0.0
0.0
0.0
0.0 - measure 47
0.0
0.0
0.0
0.0
0.0
0.0
0.0
0.0 - measure 48
0.0
0.0
0.0
0.0
0.0
0.0
0.0
0.0 - measure 49
0.0
0.0
0.0
0.0
0.0
0.0
0.0
0.0 - measure 50
0.0
0.0
0.0
0.0
0.0
0.0
0.0
0.0 - measure 51
0.0
0.0
0.0
0.0
0.0
0.0
0.0
0.0 - measure 52
0.0
0.0
0.0
0.0
0.0
0.0
0.0
0.0 - measure 53
0.0
0.0
0.0
0.0
0.0
0.0
0.0
0.0 - measure 54
0.0
0.0
0.0
0.0
0.0
0.0
0.0
0.0 - measure 55
0.0
0.0
0.0
0.0
0.0
0.0
0.0
0.0 - measure 56
0.0
0.0
0.0
0.0
0.0
0.0
0.0
0.0 - measure 57
0.0
0.0
0.0
0.0
0.0
0.0
0.0
0.0 - measure 58
0.0
0.0
0.0
0.0
0.0
0.0
0.0
0.0 - measure 59
0.0
0.0
0.0
0.0
0.0
0.0
0.0
0.0 - measure 60
0.0
0.0
0.0
0.0
0.0
0.0
0.0
0.0 - measure 61
0.0
0.0
0.0
0.0
0.0
0.0
0.0
0.0 - measure 62
0.0
0.0
0.0
0.0
0.0
0.0
0.0
0.0 - measure 63
0.0
0.0
0.0
0.0
0.0
0.0
0.0
0.0 - measure 64
0.0
0.0
0.0
0.0
0.0
0.0
0.0
0.0 - measure 65
0.0
0.0
0.0
0.0
0.0
0.0
0.0
0.0 - measure 66
0.0
0.0
0.0
0.0
0.0
0.0
0.0
0.0 - measure 67
0.0
0.0
0.0
0.0
0.0
0.0
0.0
0.0 - measure 68
0.0
0.0
0.0
0.0
0.0
0.0
0.0
0.0 - measure 69
0.0
0.0
0.0
0.0
0.0
0.0
0.0
0.0 - measure 70
0.0
0.0
0.0
0.0
0.0
0.0
0.0
0.0 - measure 71
0.0
0.0
0.0
0.0
0.0
0.0
0.0
0.0 - measure 72
0.0
0.0
0.0
0.0
0.0
0.0
0.0
0.0 - measure 73
0.0
0.0
0.0
0.0
0.0
0.0
0.0
0.0 - measure 74
0.0
0.0
0.0
0.0
0.0
0.0
0.0
0.0 - measure 75
0.0
0.0
0.0
0.0
0.0
0.0
0.0
0.0 - measure 76
0.0
0.0
0.0
0.0
0.0
0.0
0.0
0.0 - measure 77
0.0
0.0
0.0
0.0
0.0
0.0
0.0
0.0 - measure 78
0.0
0.0
0.0
0.0
0.0
0.0
0.0
0.0 - measure 79
0.0
0.0
0.0
0.0
0.0
0.0
0.0
0.0 - measure 80
0.0
0.0
0.0
0.0
0.0
0.0
0.0
0.0 - measure 81
0.0
0.0
0.0
0.0
0.0
0.0
0.0
0.0 - measure 82
0.0
0.0
0.0
0.0
0.0
0.0
0.0
0.0 - measure 83
0.0
0.0
0.0
0.0
0.0
0.0
0.0
0.0 - measure 84
0.0
0.0
0.0
0.0
0.0
0.0
0.0
0.0 - measure 85
0.0
0.0
0.0
0.0
0.0
0.0
0.0
0.0 - measure 86
0.0
0.0
0.0
0.0
0.0
0.0
0.0
0.0 - measure 87
0.0
0.0
0.0
0.0
0.0
0.0
0.0
0.0 - measure 88
0.0
0.0
0.0
0.0
0.0
0.0
0.0
0.0 - measure 89
0.0
0.0
0.0
0.0
0.0
0.0
0.0
0.0 - measure 90
0.0
0.0
0.0
0.0
0.0
0.0
0.0
0.0 - measure 91
0.0
0.0
0.0
0.0
0.0
0.0
0.0
0.0 - measure 92
0.0
0.0
0.0
0.0
0.0
0.0
0.0
0.0 - measure 93
0.0
0.0
0.0
0.0
0.0
0.0
0.0
0.0 - measure 94
0.0
0.0
0.0
0.0
0.0
0.0
0.0
0.0 - measure 95
0.0
0.0
0.0
0.0
0.0
0.0
0.0
0.0 - measure 96
0.0
0.0
0.0
0.0
0.0
0.0
0.0
0.0 - measure 97
0.0
0.0
0.0
0.0
0.0
0.0
0.0
0.0 - measure 98
0.0
0.0
0.0
0.0
0.0
0.0
0.0
0.0 - measure 99
0.0
0.0
0.0
0.0
0.0
0.0
0.0
0.0 - measure 100
0.0
0.0
0.0
0.0
0.0
0.0
0.0
0.0 - measure 101
0.0
0.0
0.0
0.0
0.0
0.0
0.0
0.0 - measure 102
0.0
0.0
0.0
0.0
0.0
0.0
0.0
0.0 - measure 103
0.0
0.0
0.0
0.0
0.0
0.0
0.0
0.0 - measure 104
0.0
0.0
0.0
0.0
0.0
0.0
0.0
0.0 - measure 105
0.0
0.0
0.0
0.0
0.0
0.0
0.0
0.0 - measure 106
0.0
0.0
0.0
0.0
0.0
0.0
0.0
0.0 - measure 107
0.0
0.0
0.0
0.0
0.0
0.0
0.0
0.0 - measure 108
0.0
0.0
0.0
0.0
0.0
0.0
0.0
0.0 - measure 109
0.0
0.0
0.0
0.0
0.0
0.0
0.0
0.0 - measure 110
0.0
0.0
0.0
0.0
0.0
0.0
0.0
0.0 - measure 111
0.0
0.0
0.0
0.0
0.0
0.0
0.0
0.0 - measure 112
0.0
0.0
0.0
0.0
0.0
0.0
0.0
0.0 - measure 113
0.0
0.0
0.0
0.0
0.0
0.0
0.0
0.0 - measure 114
0.0
0.0
0.0
0.0
0.0
0.0
0.0
0.0 - measure 115
0.0
0.0
0.0
0.0
0.0
0.0
0.0
0.0 - measure 116
0.0
0.0
0.0
0.0
0.0
0.0
0.0
0.0 - measure 117
0.0
0.0
0.0
0.0
0.0
0.0
0.0
0.0 - measure 118
0.0
0.0
0.0
0.0
0.0
0.0
0.0
0.0 - measure 119
0.0
0.0
0.0
0.0
0.0
0.0
0.0
0.0 - measure 120
0.0
0.0
0.0
0.0
0.0
0.0
0.0
0.0 - measure 121
0.0
0.0
0.0
0.0
0.0
0.0
0.0
0.0 - measure 122
0.0
0.0
0.0
0.0
0.0
0.0
0.0
0.0 - measure 123
0.0
0.0
0.0
0.0
0.0
0.0
0.0
0.0 - measure 124
0.0
0.0
0.0
0.0
0.0
0.0
0.0
0.0 - measure 125
0.0
0.0
0.0
0.0
0.0
0.0
0.0
0.0 - measure 126
0.0
0.0
0.0
0.0
0.0
0.0
0.0
0.0 - measure 127
0.0
0.0
0.0
0.0
0.0
0.0
0.0
0.0 - measure 128
0.0
0.0
0.0
0.0
0.0
0.0
0.0
0.0 - measure 129
0.0
0.0
0.0
0.0
0.0
0.0
0.0
0.0 - measure 130
0.0
0.0
0.0
0.0
0.0
0.0
0.0
0.0 - measure 131
0.0
0.0
0.0
0.0
0.0
0.0
0.0
0.0 - measure 132
0.0
0.0
0.0
0.0
0.0
0.0
0.0
0.0 - measure 133
0.0
0.0
0.0
0.0
0.0
0.0
0.0
0.0 - measure 134
0.0
0.0
0.0
0.0
0.0
0.0
0.0
0.0 - measure 135
0.0
0.0
0.0
0.0
0.0
0.0
0.0
0.0 - measure 136
0.0
0.0
0.0
0.0
0.0
0.0
0.0
0.0 - measure 137
0.0
0.0
0.0
0.0
0.0
0.0
0.0
0.0 - measure 138
0.0
0.0
0.0
0.0
0.0
0.0
0.0
0.0 - measure 139
0.0
0.0
0.0
0.0
0.0
0.0
0.0
0.0 - measure 140
0.0
0.0
0.0
0.0
0.0
0.0
0.0
0.0 - measure 141
0.0
0.0
0.0
0.0
0.0
0.0
0.0
0.0 - measure 142
0.0
0.0
0.0
0.0
0.0
0.0
0.0
0.0 - measure 143
0.0
0.0
0.0
0.0
0.0
0.0
0.0
0.0 - measure 144
0.0
0.0
0.0
0.0
0.0
0.0
0.0
0.0 - measure 145
0.0
0.0
0.0
0.0
0.0
0.0
0.0
0.0 - measure 146
0.0
0.0
0.0
0.0
0.0
0.0
0.0
0.0 - measure 147
0.0
0.0
0.0
0.0
0.0
0.0
0.0
0.0 - measure 148
0.0
0.0
0.0
0.0
0.0
0.0
0.0
0.0 - measure 149
0.0
0.0
0.0
0.0
0.0
0.0
0.0
0.0 - measure 150
0.0
0.0
0.0
0.0
0.0
0.0
0.0
0.0 - measure 151
0.0
0.0
0.0
0.0
0.0
0.0
0.0
0.0 - measure 152
0.0
0.0
0.0
0.0
0.0
0.0
0.0
0.0 - measure 153
0.0
0.0
0.0
0.0
0.0
0.0
0.0
0.0 - measure 154
0.0
0.0
0.0
0.0
0.0
0.0
0.0
0.0 - measure 155
0.0
0.0
0.0
0.0
0.0
0.0
0.0
0.0 - measure 156
0.0
0.0
0.0
0.0
0.0
0.0
0.0
0.0 - measure 157
0.0
0.0
0.0
0.0
0.0
0.0
0.0
0.0 - measure 158
0.0
0.0
0.0
0.0
0.0
0.0
0.0
0.0 - measure 159
0.0
0.0
0.0
0.0
0.0
0.0
0.0
0.0 - measure 160
0.0
0.0
0.0
0.0
0.0
0.0
0.0
0.0 - measure 161
0.0
0.0
0.0
0.0
0.0
0.0
0.0
0.0 - measure 162
0.0
0.0
0.0
0.0
0.0
0.0
0.0
0.0 - measure 163
0.0
0.0
0.0
0.0
0.0
0.0
0.0
0.0 - measure 164
0.0
0.0
0.0
0.0
0.0
0.0
0.0
0.0 - measure 165
0.0
0.0
0.0
0.0
0.0
0.0
0.0
0.0 - measure 166
0.0
0.0
0.0
0.0
0.0
0.0
0.0
0.0 - measure 167
0.0
0.0
0.0
0.0
0.0
0.0
0.0
0.0 - measure 168
0.0
0.0
0.0
0.0
0.0
0.0
0.0
0.0 - measure 169
0.0
0.0
0.0
0.0
0.0
0.0
0.0
0.0 - measure 170
0.0
0.0
0.0
0.0
0.0
0.0
0.0
0.0 - measure 171
0.0
0.0
0.0
0.0
0.0
0.0
0.0
0.0 - measure 172
0.0
0.0
0.0
0.0
0.0
0.0
0.0
0.0 - measure 173
0.0
0.0
0.0
0.0
0.0
0.0
0.0
0.0 - measure 174
0.0
0.0
0.0
0.0
0.0
0.0
0.0
0.0 - measure 175
0.0
0.0
0.0
0.0
0.0
0.0
0.0
0.0 - measure 176
0.0
0.0
0.0
0.0
0.0
0.0
0.0
0.0 - measure 177
0.0
0.0
0.0
0.0
0.0
0.0
0.0
0.0 - measure 178
0.0
0.0
0.0
0.0
0.0
0.0
0.0
0.0 - measure 179
0.0
0.0
0.0
0.0
0.0
0.0
0.0
0.0 - measure 180
0.0
0.0
0.0
0.0
0.0
0.0
0.0
0.0 - measure 181
0.0
0.0
0.0
0.0
0.0
0.0
0.0
0.0 - measure 182
0.0
0.0
0.0
0.0
0.0
0.0
0.0
0.0 - measure 183
0.0
0.0
0.0
0.0
0.0
0.0
0.0
0.0 - measure 184
0.0
0.0
0.0
0.0
0.0
0.0
0.0
0.0 - measure 185
0.0
0.0
0.0
0.0
0.0
0.0
0.0
0.0 - measure 186
0.0
0.0
0.0
0.0
0.0
0.0
0.0
0.0 - measure 187
0.0
0.0
0.0
0.0
0.0
0.0
0.0
0.0 - measure 188
0.0
0.0
0.0
0.0
0.0
0.0
0.0
0.0 - measure 189
0.0
0.0
0.0
0.0
0.0
0.0
0.0
0.0 - measure 190
0.0
0.0
0.0
0.0
0.0
0.0
0.0
0.0 - measure 191
0.0
0.0
0.0
0.0
0.0
0.0
0.0
0.0 - measure 192
0.0
0.0
0.0
0.0
0.0
0.0
0.0
0.0 - measure 193
0.0
0.0
0.0
0.0
0.0
0.0
0.0
0.0 - measure 194
0.0
0.0
0.0
0.0
0.0
0.0
0.0
0.0 - measure 195
0.0
0.0
0.0
0.0
0.0
0.0
0.0
0.0 - measure 196
0.0
0.0
0.0
0.0
0.0
0.0
0.0
0.0 - measure 197
0.0
0.0
0.0
0.0
0.0
0.0
0.0
0.0 - measure 198
0.0
0.0
0.0
0.0
0.0
0.0
0.0
0.0 - measure 199
0.0
0.0
0.0
0.0
0.0
0.0
0.0
0.0 - measure 200