1.0 - measure 1

1.3

1.0

1.3

1.0 - measure 2
1.0
1.3

1.0

1.3
1.0
1.0 - measure 1

1.3

1.0

1.3

1.0 - measure 2
1.0
1.3

1.0

1.3
1.0
0.0 - measure 5

1.3

1.2

1.1

1.2 - measure 6
1.1
1.1

1.2



0.3 - measure 7

1.3

1.2

1.1

1.3 - measure 8

1.1
1.0

1.2


0.0 - measure 5

1.3

1.2

1.1

1.2 - measure 6
1.1
1.1

1.2



0.3 - measure 7

1.3

1.2

1.1

1.3 - measure 8

1.1
1.0

1.2


0.0 - measure 5

1.1

1.2

1.3

1.3 - measure 6
1.1
1.1

1.0



0.3 - measure 7

2.3.2

1.2

1.1

1.3 - measure 8

1.1
1.0

1.2


0.0 - measure 5

1.0

1.0

1.1

1.2 - measure 6
1.0
1.0

1.2



0.3 - measure 7

1.3

1.2

1.1

1.3 - measure 8

1.1
1.0

1.2


1.0 - measure 5
1.1
1.3
1.0


1.1
1.0
1.2 - measure 6
1.1


1.2
1.1
2.0.3
2.0.3
 - measure 7

1.3
1.0
1.1
1.0


1.3 - measure 8
1.0
1.1
1.0

1.2
2.1.2
2.1.2
0.0 - measure 5

1.3

1.2

1.1

1.2 - measure 6
1.1
1.1

1.2



0.3 - measure 7

1.3

1.2

1.1

1.3 - measure 8

1.1
1.0

1.2


1.1 - measure 29
1.1
1.2
1.2
1.2
1.2
1.3
1.3
1.1 - measure 30
1.1
1.2
1.2
1.3
1.3
1.3
1.3
1.0 - measure 29
1.0
1.1
1.1
1.1
1.1
1.2
1.2
1.0 - measure 30
1.0
1.1
1.1
1.2
1.2
1.2
1.2
1.1 - measure 29
1.1
1.2
1.2
1.2
1.2
1.3
1.3
1.1 - measure 30
1.1
1.2
1.2
1.3
1.3
1.3
1.3
1.0 - measure 29
1.0
1.1
1.1
1.1
1.1
1.2
1.2
1.0 - measure 30
1.0
1.1
1.1
1.2
1.2
1.2
1.2
2.0.3 - measure 29
1.1
1.2
1.2
1.2
1.2
1.3
1.3
2.0.3- measure 30
1.1
1.2
1.2
1.3
1.3
1.3
1.3
2.0.3- measure 29
1.0
1.1
1.1
1.1
1.1
1.2
1.2
2.0.3- measure 30
1.0
1.1
1.1
1.2
1.2
1.2
1.2
2.0.3- measure 29
1.1
1.2
1.2
1.2
1.2
1.3
1.3
2.0.3- measure 30
1.1
1.2
1.2
1.3
1.3
1.3
1.3
2.0.3- measure 29
1.0
1.1
1.1
1.1
1.1
1.2
1.2
2.0.3- measure 30
1.0
1.1
1.1
1.2
1.2
1.2
1.2
0.0 - measure 45

1.3

1.2


1.0
1.2 - measure 46
1.1
1.1
1.0


1.1

0.0 - measure 47

1.3

1.2

1.2
1.0
1.3 - measure 48

1.2
1.0
1.0
1.1

1.1
0.0 - measure 45

1.3

1.2


1.0
1.2 - measure 46
1.1
1.1
1.0


1.1

0.0 - measure 47

1.3

1.2

1.2
1.0
1.3 - measure 48

1.2
1.0
1.0
1.1

1.1
0.0 - measure 45

1.3

1.2


1.0
1.2 - measure 46
1.1
1.1
1.0


1.1

0.0 - measure 47

1.3

1.2

1.2
1.0
1.3 - measure 48

1.2
1.0
1.0
1.1

1.1
0.0 - measure 45

1.3

1.2


1.0
1.2 - measure 46
1.1
1.1
1.0


1.1

0.0 - measure 47

1.3

1.2

1.2
1.0
1.3 - measure 48

1.2
1.0
1.0
1.1

1.1
0.0 - measure 45

1.3

1.2


1.0
1.2 - measure 46
1.1
1.1
1.0


1.1

0.0 - measure 47

1.3

1.2

1.2
1.0
1.3 - measure 48

1.2
1.0
1.0
1.1

1.1
0.0 - measure 45

1.3

1.2


1.0
1.2 - measure 46
1.1
1.1
1.0


1.1

0.0 - measure 47

1.3

1.2

1.2
1.0
1.3 - measure 48

1.2

1.0
1.1

1.3
0.0 - measure 5

1.3

1.2

1.1

1.2 - measure 6
1.1
1.1

1.2



0.3 - measure 7

1.3

1.2

1.1

1.3 - measure 8

1.1
1.0

1.2


0.0 - measure 5

1.3

1.2

1.1

1.2 - measure 6
1.1
1.1

1.2



0.3 - measure 7

1.3

1.2

1.1

1.3 - measure 8

1.1
1.0

1.2


0.0 - measure 5

1.3

1.2

1.1

1.2 - measure 6
1.1
1.1

1.2
1.0
1.3
1.0
1.3 - measure 7

1.3

1.2

1.1

1.3 - measure 8

1.1
1.0

1.2
1.0
1.3
1.0 - measure 5

1.3

1.2

1.1

1.2 - measure 6
1.1
1.1

1.2
1.0
1.3
1.0
1.3 - measure 7

1.3

1.2

1.1

1.3 - measure 8

1.1
1.0

1.2


0.0 - measure 85







0.0 - measure 86







0.0 - measure 87